{"id": "7246694387", "car_model": "2014 VAUXHALL ADAM JAM", "annotations": [{"bbox": [82.86132049560547, 126.62015533447266, 559.5181884765625, 320.4641418457031], "camera_initial": {"R": [[0.033250581473112106, -0.12320050597190857, -0.9918245673179626], [-0.008649275724742314, 0.992300689774982, -0.12354960898069821], [0.9994096163715736, 0.01268666184192468, 0.03192898053561296]], "T": [-0.05240562930703163, 0.029388777911663055, 2.2051689624786377], "fov": 60.0}, "camera_optimized": {"R": [[0.0068060243502259254, -0.08359863609075546, -0.9964762926101685], [0.006551579043877532, 0.9964816567676882, -0.08355434951929258], [0.9999554154393313, -0.005959818856430478, 0.0073297814667245085]], "T": [-0.08462124317884445, 0.0621391199529171, 2.239001750946045], "fov": 60.233062744140625}, "filename": "00101_5aDGApWTW40_0pO0jm_600x450.jpg", "mask": {"counts": "37576 59 391 59 390 61 389 61 387 66 383 68 380 71 378 72 376 75 374 77 372 79 370 80 369 81 368 82 367 83 365 86 363 87 362 88 361 89 361 89 360 90 360 90 359 91 358 93 357 93 356 94 356 95 354 96 354 96 353 98 352 99 351 99 351 99 350 101 349 101 349 101 348 102 348 102 348 102 348 102 347 103 347 103 347 104 346 105 344 107 343 107 343 108 342 108 342 109 340 111 339 112 338 114 336 115 334 118 332 118 331 120 330 121 329 121 329 122 327 123 327 124 326 124 325 126 324 126 324 126 324 126 324 126 323 127 323 128 322 128 322 128 321 129 321 129 321 129 321 129 320 130 320 130 320 130 319 131 319 132 318 132 318 132 318 132 318 132 317 133 317 133 317 133 317 133 317 133 317 133 316 134 316 133 317 133 317 133 317 133 317 133 317 133 317 133 317 132 318 132 318 132 318 132 318 132 318 131 319 131 318 131 319 131 319 131 319 130 320 129 321 129 321 129 321 128 321 128 322 127 323 126 324 125 324 125 325 124 325 124 326 123 327 122 327 122 327 122 328 120 329 121 329 119 330 120 330 120 329 120 329 120 329 121 328 121 329 121 328 122 327 123 327 123 326 123 327 123 326 124 325 125 325 125 324 126 323 127 322 128 322 128 321 129 321 129 320 130 319 131 319 131 318 132 317 133 317 133 316 134 316 134 315 135 314 136 314 136 313 137 313 138 311 139 311 139 310 140 310 140 309 141 309 141 308 142 307 143 307 143 306 144 306 144 305 145 305 145 304 146 304 146 303 147 303 147 302 148 302 148 301 149 301 149 300 150 300 150 300 150 299 151 298 152 298 152 298 152 297 153 297 153 296 154 296 154 296 154 295 155 295 155 294 156 294 156 293 157 293 157 293 157 293 157 292 158 292 158 292 158 291 159 291 159 291 159 291 160 289 161 289 161 289 161 288 162 288 162 288 162 288 162 288 162 287 163 287 163 287 163 287 163 287 163 286 164 286 164 286 164 286 164 286 164 286 164 286 164 285 165 285 165 285 165 285 165 285 165 285 165 284 166 284 166 284 166 284 166 284 166 284 166 284 166 284 166 284 167 283 167 283 167 282 168 282 168 282 168 282 168 282 168 282 168 282 168 282 168 282 168 282 168 282 168 282 168 282 168 282 168 282 168 282 168 282 168 282 168 282 169 280 170 280 170 280 170 280 170 280 170 280 170 280 170 280 170 280 170 280 170 280 170 280 170 280 170 280 170 280 170 280 170 280 170 280 170 280 170 280 170 280 170 280 170 280 170 280 170 280 171 279 171 279 171 279 171 279 171 279 171 279 171 279 171 279 171 279 171 279 171 279 171 279 171 279 171 279 171 279 171 279 171 280 170 280 170 280 170 280 170 280 170 280 170 280 170 280 170 280 170 280 170 280 170 280 170 280 170 280 170 280 170 280 170 280 170 280 170 280 170 281 169 281 169 281 169 281 169 281 169 281 169 281 169 281 169 281 169 281 169 281 169 281 169 281 169 282 168 282 168 282 168 282 168 282 168 282 168 282 168 282 168 282 168 283 167 283 167 283 167 283 167 283 167 283 167 283 167 283 167 284 167 283 167 283 167 283 167 283 167 283 168 282 168 282 168 282 171 280 171 279 172 278 173 277 174 276 175 275 176 275 177 273 179 271 179 271 179 271 180 271 179 271 180 270 181 269 182 268 182 269 182 268 182 268 183 267 184 266 184 267 183 267 183 267 183 267 183 268 182 268 182 268 182 269 181 270 180 271 179 271 179 272 178 273 177 275 175 276 174 277 173 279 171 280 170 281 169 282 168 283 167 284 166 285 165 286 164 287 163 288 162 290 160 290 160 292 158 293 157 294 156 295 155 296 154 297 153 298 152 299 151 300 150 301 149 303 147 304 146 304 146 306 144 307 143 308 142 309 141 310 140 311 139 312 138 313 137 313 137 314 136 316 134 317 133 318 132 318 132 319 131 320 130 321 129 322 127 324 125 327 122 329 119 331 118 333 116 335 114 336 112 339 109 342 107 344 103 347 102 350 96 355 93 359 89 362 87 366 84 370 79 375 75 377 73 379 70 383 67 384 65 387 62 389 60 392 56 396 52 400 47 405 43 413 32 424 20 19531", "size": [450, 600]}, "camera_ots": {"R": [[-0.37232181429862976, -0.23380711674690247, -0.8981707692146301], [-0.05489568832885073, 0.9716018422432596, -0.2301661684932032], [0.9264787459527302, -0.03639018684801231, -0.3745835322860723]], "azim": 292.10760498046875, "elev": 5.54876708984375, "roll": -8.387359619140625}}, {"bbox": [168.2447052001953, 117.23126983642578, 469.2528991699219, 361.0819396972656], "camera_initial": {"R": [[0.9996687173843384, 0.02076951414346695, 0.015199556015431881], [-0.016470794499113837, 0.9700674520392535, -0.24227626851681666], [-0.01977655592090216, 0.24194567135547404, 0.9700881348654414]], "T": [-0.06396449357271194, 0.12631754577159882, 2.084080934524536], "fov": 60.0}, "camera_optimized": {"R": [[0.9998872876167297, -0.002727873157709837, 0.01476234756410122], [0.004467780541004402, 0.9928668193468039, -0.11914517116242232], [-0.01433203109511563, 0.11919769775126919, 0.9927670411691538]], "T": [-0.06237075477838516, 0.07437573373317719, 2.146644353866577], "fov": 60.233062744140625}, "filename": "00j0j_2I8Ce7HgoIJ_0pO0jm_600x450.jpg", "mask": {"counts": "76773 34 404 59 386 78 368 89 357 98 350 104 343 110 338 113 333 119 330 121 327 124 324 127 321 129 319 132 316 134 315 136 312 138 309 141 307 143 305 145 303 147 302 148 298 152 296 154 295 155 293 157 291 159 290 160 289 161 287 163 285 165 260 7 17 166 259 9 15 167 258 10 13 169 257 12 11 170 257 12 9 172 256 14 7 173 256 14 5 175 256 194 255 194 255 194 256 194 256 194 256 193 257 192 257 191 258 190 258 189 259 189 258 189 258 192 256 194 253 196 252 198 250 199 249 201 247 203 244 206 242 208 241 209 239 211 237 213 236 214 235 215 234 216 233 217 232 218 231 219 230 220 229 221 228 222 228 222 227 223 227 223 227 223 227 223 227 223 227 223 227 223 227 223 227 223 227 223 227 223 227 223 226 224 226 224 226 224 226 224 226 224 226 224 226 224 226 224 226 224 226 224 226 224 226 224 226 224 226 224 226 224 226 224 226 224 226 224 226 224 226 224 226 224 225 225 225 225 225 225 225 225 225 225 225 225 225 225 225 225 225 225 225 225 225 225 225 225 225 225 225 225 225 225 225 225 225 225 225 225 225 225 225 225 225 225 225 225 225 225 225 225 225 225 225 225 225 225 225 225 225 225 225 225 225 225 225 225 225 225 225 225 225 225 225 225 225 225 225 225 225 225 225 225 225 225 225 225 225 225 225 225 225 225 225 225 225 225 225 225 225 225 225 225 226 224 226 224 226 224 226 224 226 224 226 224 226 224 226 224 226 224 226 224 226 224 226 224 226 224 226 224 226 224 226 224 226 224 226 224 227 223 227 223 227 223 227 223 227 223 227 223 227 223 227 223 227 223 227 223 227 223 227 223 227 223 227 223 228 222 228 222 228 222 228 222 228 222 228 222 228 222 228 222 228 222 229 221 229 221 229 221 229 221 229 221 229 221 229 221 229 221 229 221 230 220 230 220 230 220 230 220 230 220 230 220 230 220 230 220 230 220 230 220 230 220 230 220 231 219 231 219 231 219 231 219 232 218 232 218 232 218 233 217 234 216 234 216 235 215 235 215 236 214 237 213 238 212 239 211 240 210 241 209 242 208 244 206 245 205 247 203 248 202 250 201 251 199 253 198 254 199 253 198 254 197 255 196 256 195 257 194 257 193 259 192 261 190 262 188 264 187 265 186 266 184 269 182 271 179 274 176 277 173 280 171 280 170 282 168 283 168 284 166 285 165 286 164 287 163 289 161 290 161 291 159 293 157 294 156 296 153 298 152 299 151 300 150 301 149 303 146 305 145 306 144 308 141 311 139 313 137 315 135 317 132 320 130 324 125 327 122 330 119 336 113 341 107 346 102 350 98 354 93 362 83 371 75 379 67 387 59 59073", "size": [450, 600]}, "camera_ots": {"R": [[0.971738338470459, 0.12778238952159882, 0.19848482310771942], [-0.15470764820311475, 0.9798124365357203, 0.12662221269255763], [-0.17829781094457603, -0.15375077537004644, 0.9718902651751606]], "azim": 64.72938537597656, "elev": -8.989555358886719, "roll": 9.045974731445312}}, {"bbox": [187.06607055664062, 126.7090072631836, 456.7249450683594, 340.37957763671875], "camera_initial": {"R": [[-0.9961465001106262, 0.006895292084664106, 0.08743326365947723], [-0.005801909237525019, 0.9895401534038047, -0.14414100187175607], [-0.08751261953980573, -0.14409284148720639, -0.9856869515355497]], "T": [0.00366095919162035, 0.08840887993574142, 2.1530921459198], "fov": 60.0}, "camera_optimized": {"R": [[-0.9971657395362854, 0.005853464361280203, 0.07500824332237244], [-0.0037173379928647425, 0.9919180814654218, -0.126825509986329], [-0.07514439506971077, -0.12674489482811024, -0.9890849534864341]], "T": [-0.02587718889117241, 0.0886402502655983, 2.2702577114105225], "fov": 60.233062744140625}, "filename": "00f0f_ce2WnZ7j3bY_0pO0jm_600x450.jpg", "mask": {"counts": "84327 2 447 5 444 7 443 8 441 9 441 9 440 10 78 13 349 11 57 60 322 12 49 75 313 14 44 87 305 14 41 95 300 14 39 100 297 14 37 104 294 16 32 109 293 16 31 112 291 16 29 114 291 16 27 117 290 16 25 119 290 16 23 121 290 16 21 123 290 16 18 126 290 17 16 127 290 18 11 131 291 19 4 136 291 159 291 159 292 158 293 157 293 157 294 156 293 157 292 158 290 160 288 162 286 164 283 167 281 169 278 172 275 175 273 177 271 179 269 181 267 183 265 185 263 187 261 190 259 191 257 193 255 195 254 196 253 197 252 198 251 199 250 200 250 201 248 202 248 202 247 203 247 203 247 203 247 203 247 203 247 203 247 204 246 204 246 204 246 204 246 204 246 204 246 204 246 204 246 204 246 204 245 206 244 206 244 206 244 206 244 206 244 206 244 206 244 206 244 206 244 206 244 206 244 206 244 206 243 207 243 207 243 207 243 207 243 207 243 207 243 207 243 207 243 207 243 207 243 207 243 207 243 207 243 207 243 207 243 207 243 207 243 207 243 208 242 208 242 207 243 207 243 208 242 208 241 209 241 209 241 209 241 209 241 209 241 209 241 209 241 209 241 209 241 209 241 209 241 209 241 209 241 209 242 208 242 208 242 209 241 209 241 209 241 209 241 210 240 210 240 210 240 210 240 210 240 210 240 210 240 210 240 210 240 211 239 211 239 211 240 210 240 210 240 210 240 210 240 210 240 210 240 210 240 210 240 210 240 210 240 210 240 210 240 210 241 209 241 209 241 209 241 209 241 209 241 209 241 209 241 209 241 209 241 209 241 209 241 209 241 209 242 208 242 208 242 208 242 208 242 208 242 208 242 208 242 208 243 207 243 207 243 207 243 207 243 207 244 206 244 206 244 206 245 205 245 205 246 204 246 204 247 203 248 202 248 202 249 201 250 200 252 197 254 194 256 195 256 194 257 193 258 192 259 190 261 189 263 187 264 186 265 185 266 184 267 183 269 181 270 180 271 179 273 177 274 176 275 174 278 172 279 171 280 170 281 169 283 167 284 166 285 165 285 165 286 164 286 164 286 164 286 164 286 164 286 164 287 162 288 162 288 162 288 162 289 161 289 161 289 161 290 11 4 144 292 8 8 142 294 5 10 141 310 140 311 138 314 136 315 135 316 133 318 132 319 131 319 131 320 130 321 128 323 127 324 126 325 124 327 123 328 121 330 119 332 118 333 116 335 114 338 111 341 108 344 105 347 102 350 99 354 94 360 88 365 84 368 80 372 77 376 72 383 66 389 59 395 53 407 38 64500", "size": [450, 600]}, "camera_ots": {"R": [[-0.9835187196731567, 0.08452052623033524, -0.1598348319530487], [0.0993891722419882, 0.9912002042108505, -0.08742997622980181], [0.1510386870570432, -0.10187486421477963, -0.9832643828322164]], "azim": 351.3128356933594, "elev": 5.9152374267578125, "roll": 5.770416259765625}}, {"bbox": [46.881832122802734, 141.41201782226562, 475.4779052734375, 377.72698974609375], "camera_initial": {"R": [[-0.7069528102874756, 0.1982029229402542, 0.6789207458496094], [0.06999384515718891, 0.974824126070233, -0.21170459780509096], [-0.7037887603837483, -0.10214487999037165, -0.7030276563611813]], "T": [0.34177640080451965, -0.005731224548071623, 2.0603973865509033], "fov": 60.0}, "camera_optimized": {"R": [[-0.6880270838737488, 0.012460821308195591, 0.7255780100822449], [-0.03257578427484906, 0.9983143185633131, -0.048034582490931066], [-0.7249534711903569, -0.05668536467070587, -0.6864613869651318]], "T": [0.2980332374572754, -0.010237014852464199, 2.0939085483551025], "fov": 60.233062744140625}, "filename": "00707_lfrobppNfvn_0pO0jm_600x450.jpg", "mask": {"counts": "21389 49 400 51 396 60 388 66 381 72 376 76 372 80 368 84 364 87 361 91 357 94 354 97 352 98 350 101 347 103 345 106 343 107 342 109 340 110 339 111 338 112 337 113 335 115 334 116 332 118 331 119 330 120 327 123 326 124 325 124 325 125 324 126 322 128 321 129 319 131 318 131 317 133 316 134 314 136 313 136 312 137 311 138 311 137 312 137 312 137 312 137 311 138 311 138 311 138 310 139 310 139 310 140 309 141 308 142 308 142 307 142 307 143 306 144 306 144 305 145 304 146 304 147 302 148 302 149 300 150 300 150 299 151 299 152 298 152 297 153 297 154 295 155 295 155 294 157 293 157 293 157 292 159 291 159 290 160 290 161 289 161 288 162 288 163 287 163 286 164 286 164 286 165 285 165 284 166 284 166 284 166 284 167 282 168 282 168 282 169 281 169 281 170 280 170 280 170 280 170 280 171 278 172 278 172 278 172 278 173 277 173 277 173 277 173 277 174 276 174 276 174 276 174 276 175 275 175 275 175 275 176 274 176 274 176 274 176 274 177 273 177 273 177 273 177 273 178 272 178 272 179 271 179 271 179 271 180 270 180 270 180 270 180 270 181 269 181 269 181 269 181 269 181 269 181 269 181 269 182 268 182 268 182 268 183 267 183 267 183 267 183 267 184 266 184 266 184 266 185 265 185 266 184 266 184 266 185 265 185 265 185 265 186 264 187 263 188 262 189 261 190 260 191 259 193 258 196 254 197 253 198 252 202 248 204 246 206 244 208 242 210 240 211 239 213 237 215 236 215 235 216 234 218 232 219 231 220 230 222 228 223 227 224 227 224 226 224 226 225 225 226 224 227 223 227 224 227 223 228 222 228 222 229 221 229 221 229 221 230 221 229 221 229 221 229 221 230 220 230 220 230 220 230 221 229 221 229 221 229 221 229 221 229 222 228 222 228 222 228 222 228 222 228 222 228 222 228 222 228 223 227 223 227 223 227 223 227 223 227 224 225 225 225 225 225 225 225 226 223 227 223 227 223 227 223 228 222 228 221 229 220 230 220 231 218 232 218 232 217 234 216 234 216 234 215 235 215 236 213 237 213 237 212 238 212 239 210 240 210 240 209 242 207 243 205 245 203 248 201 249 199 252 197 253 197 253 196 255 194 256 194 256 194 257 193 257 193 258 192 258 192 259 192 258 192 258 192 259 191 259 191 260 190 260 190 261 189 262 188 262 188 263 187 263 187 263 188 263 187 264 186 264 186 265 185 265 185 266 184 267 183 267 183 268 182 269 181 270 180 270 180 271 179 272 178 272 178 273 177 274 176 274 176 275 175 275 175 276 174 276 174 277 173 278 172 279 171 280 169 282 168 283 167 283 167 284 166 285 165 286 164 287 163 288 162 289 161 289 161 290 160 291 159 292 158 292 158 293 157 294 156 294 156 294 156 295 155 295 155 295 155 295 155 296 154 296 154 297 153 297 152 299 151 299 151 299 151 300 150 300 150 300 150 301 148 302 148 302 148 302 148 302 148 303 147 303 147 303 147 304 146 304 146 305 144 306 144 306 144 306 144 307 143 307 143 307 143 307 142 309 141 309 141 310 140 311 139 311 139 311 139 311 139 311 138 313 137 313 137 313 137 313 137 313 137 314 136 314 135 315 135 316 134 316 134 316 133 318 132 318 132 318 132 318 132 319 131 319 131 319 131 319 130 320 130 321 129 321 129 321 129 322 128 322 128 323 125 325 124 326 124 327 123 327 123 328 122 328 122 329 121 329 120 331 119 331 119 332 118 332 117 334 116 335 114 337 113 338 111 339 111 341 108 342 108 343 107 345 104 347 102 350 98 354 96 355 95 356 93 359 90 361 89 362 87 365 84 368 81 370 79 372 77 374 75 376 73 380 68 385 63 390 57 398 50 409 39 423 23 57738", "size": [450, 600]}, "camera_ots": {"R": [[-0.7505490183830261, 0.21890302002429962, 0.6235042810440063], [0.07330161442629439, 0.965295248958312, -0.25066319364812417], [-0.6567366155240629, -0.1424311523380572, -0.7405473480328808]], "azim": 41.05146408081055, "elev": 10.886878967285156, "roll": 5.5780487060546875}}, {"bbox": [42.49671936035156, 153.39564514160156, 521.0548095703125, 422.9035949707031], "camera_initial": {"R": [[-0.7176083922386169, -0.22988271713256836, -0.6574131846427917], [-0.10718375416647419, 0.9691613873779563, -0.22189618814602255], [0.6881495164992695, -0.08877058093188658, -0.7201180361074957]], "T": [-0.14673329889774323, -0.08269407600164413, 1.926465392112732], "fov": 60.0}, "camera_optimized": {"R": [[-0.7428268790245056, 0.00174553575925529, -0.6694812774658203], [0.01729648132953042, 0.9997128237768002, -0.016584864683259953], [0.669260083873007, -0.02389935303597459, -0.7426437728308096]], "T": [-0.10419412702322006, -0.08669635653495789, 1.9237825870513916], "fov": 60.233062744140625}, "filename": "00k0k_dilhI0iwncs_0pO0jm_600x450.jpg", "mask": {"counts": "19692 8 440 10 411 22 1 19 396 58 387 66 380 72 373 78 368 83 365 87 361 90 359 92 356 94 355 97 352 99 350 101 349 101 348 104 345 106 343 107 342 109 340 112 336 115 334 117 332 119 330 121 328 123 326 125 324 127 322 128 321 130 319 131 318 132 317 134 315 135 315 135 314 137 312 139 310 140 309 141 308 142 307 143 306 145 305 145 304 146 304 146 303 148 302 149 300 150 300 150 299 152 298 152 297 153 297 153 297 153 296 155 295 155 294 156 294 157 292 158 292 158 292 159 290 160 290 160 290 161 289 161 288 163 287 163 286 164 286 165 285 165 285 165 284 166 284 166 284 167 283 167 282 169 281 169 281 169 281 169 281 169 280 171 279 171 279 171 278 172 278 172 278 172 277 174 276 174 275 175 275 175 275 175 274 176 274 176 274 176 273 177 273 178 272 178 271 179 271 179 271 179 271 179 270 180 270 180 270 180 270 181 268 182 268 182 268 182 268 182 268 182 267 183 267 183 267 183 267 184 266 184 265 185 265 185 265 185 264 186 264 186 264 186 263 187 263 187 263 187 263 187 262 189 261 189 261 189 261 188 262 188 261 189 261 189 261 189 261 189 261 189 260 190 260 190 260 190 259 191 259 191 258 192 258 192 257 193 256 194 256 194 255 195 254 196 253 197 252 198 252 198 251 199 250 200 250 200 249 201 248 202 247 203 246 204 245 205 245 205 244 206 244 206 243 207 242 208 241 209 241 209 240 210 240 210 239 211 239 210 239 211 238 212 237 213 237 213 236 214 235 215 235 215 234 216 234 216 233 217 233 217 232 217 232 218 232 218 231 219 231 219 230 220 229 221 229 221 228 222 228 221 228 222 228 222 227 223 227 223 226 225 225 225 224 226 224 226 223 227 223 227 222 228 222 228 221 230 220 231 219 231 218 233 217 234 215 238 212 239 210 240 210 241 209 243 206 244 206 245 205 245 204 247 203 247 203 247 203 247 202 250 200 251 199 251 199 252 197 253 197 254 196 254 196 254 195 255 195 256 194 256 194 256 194 256 193 257 193 257 193 257 193 257 192 258 192 258 192 258 192 258 191 259 191 259 191 259 191 259 191 259 191 259 191 259 190 260 190 260 190 260 190 260 190 260 189 261 189 261 189 261 189 261 189 261 189 261 188 262 188 262 188 262 188 262 188 261 189 261 188 262 188 262 188 261 189 261 189 260 190 260 190 259 190 260 190 259 191 258 192 257 193 257 193 256 194 255 195 254 195 254 196 253 197 252 198 251 199 249 201 248 202 247 202 247 203 246 204 243 207 242 208 241 209 240 210 237 213 236 214 234 216 232 218 229 221 226 223 224 226 221 229 218 232 214 236 213 237 211 239 210 240 208 242 207 243 207 243 206 244 206 244 206 244 206 244 205 245 205 245 205 245 205 245 204 246 204 246 204 246 203 247 203 247 203 246 203 247 203 247 203 247 203 247 203 247 202 248 202 248 202 248 201 249 201 249 200 250 200 250 199 251 199 251 198 252 198 252 198 252 197 253 197 253 197 253 196 254 196 254 196 254 196 254 195 255 195 255 195 255 195 255 194 256 194 256 194 256 193 257 193 257 193 257 193 257 192 258 192 258 191 259 191 259 190 260 190 261 189 261 188 262 188 262 188 262 188 262 187 263 187 263 187 264 185 265 185 265 185 265 184 266 184 267 183 267 183 267 182 268 182 269 181 269 181 269 180 270 180 271 179 271 179 271 178 272 177 274 176 274 175 275 175 276 173 277 173 277 173 278 171 279 171 279 170 281 169 281 169 281 168 283 167 283 167 284 165 285 165 286 164 287 162 288 162 289 160 290 160 291 158 293 157 293 156 295 155 295 155 296 154 297 153 298 151 300 150 301 149 302 148 303 147 303 148 304 146 305 145 306 145 307 144 307 144 308 144 307 144 307 143 308 143 308 143 309 142 310 140 312 139 312 139 313 138 314 136 316 134 318 133 320 130 323 127 324 126 325 126 325 125 326 124 327 123 328 122 329 121 330 120 331 119 332 118 333 117 334 116 335 115 336 114 337 113 339 110 341 109 343 107 345 104 347 102 350 100 353 95 357 92 359 90 361 87 366 81 372 76 376 71 381 64 388 60 394 40 412 36 418 24 430 15 36614", "size": [450, 600]}, "camera_ots": {"R": [[-0.7742184996604919, -0.2303532063961029, -0.589510977268219], [-0.11587863675901204, 0.9672631574813697, -0.2257748585203564], [0.6222201636421826, -0.10648735370324051, -0.7755659123913534]], "azim": 321.52154541015625, "elev": 7.8179779052734375, "roll": -8.512374877929688}}, {"bbox": [38.95607376098633, 110.70378875732422, 550.8190307617188, 328.7762451171875], "camera_initial": {"R": [[0.2753086984157562, 0.4316503405570984, 0.8590012788772583], [-0.14808441380269827, 0.901907860555313, -0.40575020140582424], [-0.9498822028280214, -0.015498163486659706, 0.31222378000969364]], "T": [-0.09704022854566574, 0.08947914093732834, 2.0682616233825684], "fov": 60.0}, "camera_optimized": {"R": [[0.08030935376882553, 0.10605628788471222, 0.9911117553710938], [-0.030959599428413847, 0.99410909316628, -0.10386838400624451], [-0.9962890730676438, -0.022342820333556848, 0.08311971731021663]], "T": [0.010437065735459328, 0.0917610228061676, 2.0870933532714844], "fov": 60.233062744140625}, "filename": "00u0u_6hazODqgFAK_0pO0jm_600x450.jpg", "mask": {"counts": "19142 10 433 27 416 39 407 47 400 55 393 59 390 63 385 67 382 70 378 73 375 75 373 79 369 81 367 83 364 87 360 90 357 93 355 95 352 99 350 100 348 102 347 104 346 108 341 110 339 113 336 118 331 120 330 123 326 125 324 129 320 131 318 134 315 136 313 138 312 139 310 141 307 144 305 146 303 148 301 150 299 151 298 153 296 155 294 156 294 157 292 158 291 160 289 162 287 163 286 165 283 167 283 167 282 169 280 170 278 172 277 173 276 175 274 176 273 177 272 178 271 179 270 180 269 181 267 183 266 184 265 185 264 186 263 187 262 188 262 188 261 189 260 190 258 192 257 193 256 194 255 195 255 195 253 197 253 197 252 198 251 199 250 200 249 201 248 202 247 202 247 203 246 204 246 204 245 205 244 206 243 207 241 208 242 208 241 209 241 209 240 209 241 209 241 209 241 209 241 208 242 207 243 207 242 207 243 207 243 206 244 206 244 206 244 206 244 205 244 205 245 203 247 203 247 202 248 201 249 200 250 199 251 199 251 198 252 196 254 194 255 194 256 192 258 191 259 190 260 189 261 188 262 186 263 186 264 185 265 184 266 184 266 183 267 183 267 183 267 183 266 183 267 183 267 183 267 183 267 183 267 183 267 183 267 183 267 183 267 183 267 183 266 184 266 184 266 184 266 185 265 185 265 185 265 185 265 185 265 185 265 185 265 185 265 185 265 185 265 185 265 185 265 185 265 185 265 185 265 185 265 186 264 186 264 186 264 186 264 186 264 186 264 186 264 186 264 186 264 186 264 186 264 186 264 186 264 186 264 186 264 186 264 186 264 186 264 186 264 186 264 186 264 186 264 186 264 186 264 185 265 186 264 186 264 186 264 186 264 186 264 186 264 186 264 186 264 186 264 186 264 186 264 186 264 186 264 186 264 187 263 187 263 187 263 187 263 187 263 187 263 187 263 187 263 188 262 188 262 188 262 188 262 188 262 188 262 188 262 188 262 188 262 188 262 188 262 188 262 188 262 188 262 187 263 187 263 187 263 187 263 187 263 187 263 187 263 187 263 187 263 187 263 187 263 187 263 187 263 187 263 187 263 187 263 187 263 187 263 187 263 187 263 187 263 187 263 187 263 187 263 187 263 187 263 187 264 186 264 186 263 187 263 187 264 186 264 186 264 186 264 186 265 185 265 185 265 185 266 184 266 184 266 184 266 184 266 184 266 184 266 184 267 183 267 183 267 183 267 183 267 183 268 182 268 182 268 182 268 182 268 182 268 182 269 181 269 181 269 181 269 181 269 181 270 180 270 180 270 180 271 179 271 179 271 179 271 179 272 178 272 178 272 178 273 177 273 176 274 176 275 175 275 175 275 175 276 174 276 174 277 173 277 173 277 173 278 172 278 172 279 171 279 171 280 170 280 170 281 169 281 168 282 168 283 167 283 167 284 166 284 166 285 165 286 164 286 164 286 163 288 162 288 162 289 161 290 160 290 160 291 159 291 159 292 158 292 158 293 157 293 157 294 156 295 155 296 153 297 153 298 152 298 152 299 151 299 151 300 150 301 149 301 149 302 147 303 147 304 146 304 146 305 145 306 144 307 143 307 143 308 142 309 141 309 140 311 139 311 139 312 138 313 137 313 137 314 137 314 136 315 135 315 135 316 134 316 134 317 133 318 132 318 132 319 131 320 131 320 130 320 131 320 130 321 129 321 130 321 130 321 130 321 130 320 130 321 131 320 132 319 131 319 131 320 131 319 133 318 133 317 133 317 134 317 135 315 137 313 137 313 137 314 137 313 137 313 138 312 138 313 138 312 138 312 139 311 139 311 139 311 140 310 140 310 140 310 141 310 140 310 140 310 140 310 140 310 141 309 141 309 141 310 140 310 140 310 140 310 140 311 139 311 139 311 139 311 139 311 139 312 138 312 138 312 137 314 136 314 136 314 136 314 136 314 136 315 135 315 135 315 135 315 135 316 134 316 133 317 133 318 132 318 132 319 130 320 130 320 130 321 128 322 128 322 127 324 126 324 125 325 125 326 123 327 122 328 121 330 119 331 119 331 118 332 117 334 115 335 115 335 114 336 113 338 111 339 110 340 109 341 109 342 107 343 107 343 107 344 106 344 106 344 105 346 104 346 104 346 103 348 102 348 101 349 100 351 99 351 99 352 98 352 97 354 96 355 95 355 95 356 94 357 92 359 91 361 89 362 87 364 85 367 83 368 81 371 78 373 77 375 73 378 71 381 68 383 66 385 64 388 59 392 57 395 54 410 38 421 18 24034", "size": [450, 600]}, "camera_ots": {"R": [[-0.4030049443244934, 0.31045496463775635, 0.8609325289726257], [0.07466027623843059, 0.9487234924052483, -0.30716397150692415], [-0.912147346422228, -0.059511144206017316, -0.405518935605267]], "azim": 65.80381774902344, "elev": 8.348724365234375, "roll": 10.495574951171875}}, {"bbox": [102.34671020507812, 81.10368347167969, 557.3270874023438, 402.5483093261719], "camera_initial": {"R": [[0.6996506452560425, 0.45112428069114685, 0.5540539622306824], [-0.21178224685336552, 0.8715525353455931, -0.44220408694434277], [-0.6823761370592336, 0.19204961424125705, 0.7053224041636454]], "T": [-0.36999478936195374, 0.13005712628364563, 1.9578794240951538], "fov": 60.0}, "camera_optimized": {"R": [[0.7395095825195312, 0.13582037389278412, 0.6593014597892761], [-0.05477932420480306, 0.9883269697791225, -0.1421582078069999], [-0.6709134554760043, 0.06901125760108703, 0.7383174362333127]], "T": [-0.27127131819725037, 0.09663092344999313, 1.8736274242401123], "fov": 60.233062744140625}, "filename": "01212_aZ15UQ7egjT_0pO0jm_600x450.jpg", "mask": {"counts": "47500 7 435 30 412 43 403 49 397 55 393 59 388 64 385 66 383 68 380 72 377 74 374 77 372 80 367 84 363 88 359 91 356 95 352 99 349 101 346 105 343 108 340 110 339 112 337 115 334 117 332 119 330 120 329 122 327 124 325 126 323 128 321 130 320 131 318 133 317 134 315 135 314 137 311 140 309 141 308 142 306 145 304 147 303 147 302 149 301 149 300 150 299 152 297 153 296 155 294 157 292 158 290 160 290 160 289 161 287 164 285 165 283 167 282 168 281 170 279 171 277 173 276 174 275 175 274 176 273 177 272 178 270 181 268 182 267 183 266 185 264 186 263 187 262 189 260 190 259 192 257 193 255 195 254 197 252 198 251 200 249 201 248 203 246 204 245 205 244 207 241 209 239 212 236 214 231 219 228 222 226 224 224 227 222 228 222 228 221 230 219 231 218 232 218 233 217 233 216 234 216 235 214 236 214 236 213 237 213 238 212 238 211 240 210 240 210 240 210 241 208 243 207 243 206 244 206 244 206 245 204 246 204 246 204 247 203 247 202 248 202 249 201 249 201 249 201 250 200 250 200 250 200 251 199 251 198 252 198 253 197 253 197 253 197 254 196 254 195 256 194 256 194 257 193 257 193 257 193 257 193 258 192 258 192 258 191 260 190 260 190 260 190 261 189 261 189 261 189 262 188 262 188 262 188 263 187 263 187 263 187 264 186 264 185 265 185 265 185 266 184 267 183 267 183 268 182 268 182 268 182 269 181 269 181 269 181 270 180 270 181 269 181 270 180 270 180 270 180 271 179 271 179 271 179 271 179 271 179 271 179 272 178 272 178 272 178 272 178 272 178 272 178 272 179 271 179 272 178 272 178 273 177 275 175 277 173 279 171 283 167 285 165 286 164 287 163 289 161 292 158 294 157 294 156 296 154 297 153 297 153 298 152 298 152 299 151 300 150 301 149 301 149 302 147 303 147 304 146 304 146 304 146 305 145 306 144 306 144 307 143 307 143 307 143 308 142 308 142 309 141 309 141 309 141 310 140 311 139 311 139 311 139 311 139 311 139 311 139 311 139 311 139 311 139 311 139 311 139 311 139 311 139 311 139 311 139 311 139 311 139 311 139 311 139 311 139 310 140 310 140 309 141 309 141 308 142 308 142 307 143 307 143 307 143 306 144 305 145 305 145 304 146 304 146 303 147 302 148 302 149 300 150 299 151 298 152 297 153 296 154 295 155 293 157 292 158 290 160 289 161 287 163 286 164 285 165 283 167 281 170 278 172 276 174 274 176 273 177 270 180 268 182 266 184 264 186 260 191 255 195 251 199 247 203 243 207 239 212 236 214 234 216 233 217 232 218 231 219 231 220 230 220 229 221 229 221 229 221 228 223 227 223 226 224 226 224 225 225 225 226 224 226 223 227 223 227 223 228 221 229 221 229 220 231 218 232 218 232 218 233 216 234 216 234 216 234 215 236 214 236 213 237 213 238 211 239 211 240 209 241 209 241 209 242 207 243 207 243 206 245 205 245 204 246 203 248 202 248 201 250 200 250 200 250 200 251 198 252 198 253 196 254 196 255 194 256 194 257 193 257 192 259 191 259 191 260 190 260 189 262 188 263 187 263 186 265 184 266 184 267 182 268 182 269 180 271 179 271 179 272 177 274 176 275 174 277 173 277 172 279 171 280 169 282 168 283 167 284 165 286 164 287 163 288 161 290 160 291 157 294 156 295 154 297 153 299 150 301 149 302 147 304 146 305 144 307 143 308 141 310 140 311 139 312 137 314 136 315 134 318 132 319 131 320 130 321 128 323 128 324 126 325 126 326 125 325 125 325 124 326 125 325 125 325 126 324 126 324 129 321 132 318 133 317 134 316 134 317 134 316 134 316 135 315 135 316 134 316 134 317 133 317 133 317 133 318 132 318 131 319 131 320 129 321 129 323 126 324 125 327 122 329 120 333 115 336 112 339 108 342 106 344 102 348 15 9 75 352 13 15 64 359 11 19 58 364 9 22 52 368 8 24 48 372 5 29 40 412 35 422 23 437 5 22259", "size": [450, 600]}, "camera_ots": {"R": [[0.8975957036018372, -0.06960838288068771, 0.4352891445159912], [0.11739427229147029, 0.9895404632484608, -0.0838345642468782], [-0.4249006561095558, 0.12635000194997542, 0.8963788188386297]], "azim": 154.85562133789062, "elev": 8.023330688476562, "roll": -7.4512786865234375}}, {"bbox": [112.39096069335938, 136.7240753173828, 515.9530639648438, 377.3310241699219], "camera_initial": {"R": [[0.7126959562301636, -0.3126066327095032, -0.6279661059379578], [0.1361564549592375, 0.9398331702388074, -0.31332886085350786], [0.6881321013062567, 0.13780659799386688, 0.712378694402065]], "T": [0.14579539000988007, 0.03760611265897751, 2.2135086059570312], "fov": 60.0}, "camera_optimized": {"R": [[0.6617463827133179, -0.0889260470867157, -0.7444353699684143], [-0.00778981886209333, 0.9920716324522643, -0.12543185168864346], [0.7496873739786583, 0.0888030765926189, 0.6558070833674757]], "T": [0.05793781578540802, 0.02658720314502716, 2.2722253799438477], "fov": 60.233062744140625}, "filename": "00u0u_7uQY2cmywJT_0pO0jm_600x450.jpg", "mask": {"counts": "51542 5 436 25 418 35 412 40 406 46 401 52 396 57 392 62 386 67 381 73 376 75 373 79 370 82 366 85 362 90 359 92 358 93 356 94 355 96 353 98 352 98 352 99 351 99 351 99 351 100 350 100 350 100 350 100 349 101 349 102 347 103 346 104 345 104 345 105 345 105 345 105 345 105 345 105 344 105 345 105 345 105 345 104 346 104 346 103 347 103 346 102 348 101 348 101 348 101 349 100 349 100 350 100 350 100 349 101 348 102 347 102 348 102 347 103 347 104 345 105 344 106 344 106 343 107 342 109 340 110 339 111 338 113 336 114 336 115 334 116 333 117 332 118 332 119 330 120 329 122 328 122 327 123 326 125 324 127 322 128 322 128 321 130 319 131 319 131 318 132 317 134 316 134 315 135 314 136 314 136 313 137 312 139 311 139 310 140 310 140 309 142 308 142 307 143 306 144 306 145 304 146 304 146 303 147 303 148 301 149 301 149 300 150 300 151 299 151 298 152 298 153 296 154 296 155 295 155 294 157 293 157 293 157 292 158 292 158 292 159 291 159 290 160 290 160 290 161 289 161 288 162 288 162 288 163 287 163 287 163 286 165 285 165 285 166 284 166 284 166 284 166 284 166 284 167 282 168 282 168 282 169 281 169 281 170 280 170 280 170 280 171 279 171 278 172 278 173 277 173 277 173 277 173 277 173 277 174 276 174 276 174 276 175 275 175 274 176 274 177 273 177 273 177 273 177 273 178 272 178 272 178 272 179 271 179 271 179 271 180 270 180 270 180 270 181 269 181 269 181 269 182 268 182 268 183 267 183 267 183 267 183 267 184 266 184 266 184 266 184 266 185 265 185 265 186 264 186 264 187 263 188 262 189 261 190 260 192 258 193 257 195 255 196 254 197 253 201 249 202 248 205 245 206 244 209 241 210 240 212 238 214 236 215 235 217 233 218 232 219 231 221 229 222 228 223 227 224 226 225 225 226 224 227 223 228 223 228 222 228 222 229 221 230 220 231 219 231 219 231 219 232 218 233 217 233 217 234 216 234 216 235 216 234 216 234 216 235 215 235 215 235 215 235 215 236 214 236 214 236 214 236 214 236 214 236 214 236 215 235 215 235 215 235 215 235 215 235 215 235 215 235 215 235 215 235 215 235 215 235 215 235 215 235 215 235 215 234 216 234 216 234 217 233 217 232 218 232 218 231 219 231 219 229 221 229 221 229 222 228 222 227 223 226 224 226 224 225 225 224 226 223 228 221 229 221 229 220 230 218 232 217 233 215 235 214 236 212 238 210 240 206 244 204 246 203 247 202 248 202 248 202 248 203 248 202 248 202 248 203 247 203 247 203 247 203 247 203 247 203 247 202 248 202 248 202 248 202 248 202 248 202 248 202 248 201 249 201 249 200 250 199 252 198 252 198 252 197 253 197 254 196 254 195 255 195 256 194 256 193 257 193 258 191 259 191 259 190 261 189 261 188 262 188 263 187 263 186 265 185 265 184 267 183 268 181 270 180 273 176 279 171 282 167 285 165 288 161 290 160 291 158 292 158 295 155 295 154 297 153 297 153 297 152 299 151 301 149 302 147 303 147 304 145 308 141 310 140 312 138 313 136 316 134 318 131 320 130 320 129 322 127 324 125 327 123 328 121 331 118 334 115 336 113 338 112 338 111 340 110 342 107 343 106 345 104 348 102 349 100 351 98 353 97 354 95 356 93 358 90 361 89 363 86 365 84 368 81 371 78 373 77 375 74 380 69 384 64 390 59 394 55 397 51 400 49 404 45 407 41 410 38 415 33 423 22 39767", "size": [450, 600]}, "camera_ots": {"R": [[0.5935470461845398, 0.005392497405409813, -0.8047811985015869], [-0.08623608429396794, 0.9946464941310411, -0.05693665544440319], [0.8001657762075498, 0.10319577280107872, 0.590834500894238]], "azim": 233.14593505859375, "elev": 9.90740966796875, "roll": 8.266632080078125}}]}