{
    "id": "7246694387",
    "car_model": "2014 VAUXHALL ADAM JAM",
    "annotations": [
        {
            "camera_optimized": {
                "R": [
                    [
                        0.9817638397216797,
                        0.12364432960748672,
                        -0.14440160989761353
                    ],
                    [
                        0.19010455906391144,
                        -0.6385409235954285,
                        0.7457383871078491
                    ],
                    [
                        -2.2351741790771484e-08,
                        -0.7595903873443604,
                        -0.6504017114639282
                    ]
                ],
                "T": [
                    0.18772202730178833,
                    -0.9694597125053406,
                    0.8455223441123962
                ]
            },
            "filename": "000000.png",
            "mask": {
                "counts": "4438 12 113 16 109 20 106 23 102 27 99 29 97 32 93 36 90 39 87 40 86 42 84 44 82 47 74 2 3 49 74 54 73 55 72 56 71 57 69 59 68 60 67 62 65 63 65 63 65 63 65 64 63 66 62 67 61 67 61 66 62 65 63 64 64 64 64 64 64 63 65 63 65 62 66 61 68 59 69 58 70 56 72 54 75 49 79 40 88 33 96 27 101 23 106 20 110 16 120 7 122 5 124 4 5570", 
                "size": [128, 128]
            }
        },
        {
            "camera_optimized": {
                "R": [
                    [
                        -0.9868126511573792,
                        -0.0905400812625885,
                        0.1341741681098938
                    ],
                    [
                        -0.16186481714248657,
                        0.5519797801971436,
                        -0.817996084690094
                    ],
                    [
                        -2.235172935627361e-08,
                        -0.8289271593093872,
                        -0.5593563318252563
                    ]
                ],
                "T": [
                    -0.1744268536567688,
                    1.0633950233459473,
                    0.7271630764007568
                ]
            },
            "filename": "000001.png",
            "mask": {
                "counts": "5077 10 114 17 109 21 92 2 11 24 90 4 8 27 89 4 5 30 88 41 87 41 87 42 86 42 85 43 82 47 79 49 76 52 75 54 72 56 71 57 69 59 68 60 67 61 66 62 65 63 65 64 64 63 65 64 64 64 64 64 63 65 63 64 64 64 64 64 64 64 64 64 65 63 65 63 65 62 66 62 66 61 67 60 68 60 69 57 71 55 73 46 84 29 101 21 5691",
                "size": [128, 128]
            }
        },
        {
            "camera_optimized": {
                "R": [
                    [
                        -0.14840181171894073,
                        0.6623733043670654,
                        -0.7343282699584961
                    ],
                    [
                        0.988926887512207,
                        0.09939802438020706,
                        -0.11019597202539444
                    ],
                    [
                        2.9802308176840597e-08,
                        -0.7425504922866821,
                        -0.6697900295257568
                    ]
                ],
                "T": [
                    0.954626739025116,
                    0.1432545781135559,
                    0.870727002620697 
                ]
            },
            "filename": "000023.png",
            "mask": {
                "counts": "2876 12 114 15 111 18 108 21 105 23 104 25 102 26 101 28 100 29 99 30 97 31 97 32 96 32 96 33 95 33 95 33 95 33 94 34 94 33 95 33 95 33 95 32 96 32 96 32 96 32 96 32 96 32 96 32 95 33 95 34 94 34 94 34 94 34 94 34 94 34 94 34 94 34 94 34 94 34 94 34 94 34 95 34 94 34 94 34 94 34 94 34 94 34 94 34 95 33 95 34 94 34 94 34 95 33 95 33 95 33 95 33 96 32 97 32 96 32 97 31 97 31 97 32 96 33 95 33 95 34 95 33 95 34 94 34 94 34 95 33 95 33 95 33 95 33 96 32 96 32 96 31 98 30 98 30 99 29 100 27 102 25 104 24 105 22 108 19 110 17 114 11 120 4 2486",
                "size": [128, 128]
            }
        }
    ]
}